stn1 2021 9 23 0 0 0.0
stn1 2021 9 23 0 1 0.003985322717356567
stn1 2021 9 23 0 2 0.007970645434713134
stn1 2021 9 23 0 3 0.0119559681520697
stn1 2021 9 23 0 4 0.015941290869426267
stn1 2021 9 23 0 5 0.019926613586782833
stn1 2021 9 23 0 6 0.0239119363041394
stn1 2021 9 23 0 7 0.0239119363041394
stn1 2021 9 23 0 8 0.0239119363041394
stn1 2021 9 23 0 9 0.0239119363041394
stn1 2021 9 23 0 10 0.0239119363041394
stn1 2021 9 23 0 11 0.0239119363041394
stn1 2021 9 23 0 12 0.0239119363041394
stn1 2021 9 23 0 13 0.023990853585671212
stn1 2021 9 23 0 14 0.024069770867203025
stn1 2021 9 23 0 15 0.02414868814873484
stn1 2021 9 23 0 16 0.02422760543026665
stn1 2021 9 23 0 17 0.024306522711798464
stn1 2021 9 23 0 18 0.02438543999333028
stn1 2021 9 23 0 19 0.02438543999333028
stn1 2021 9 23 0 20 0.02438543999333028
stn1 2021 9 23 0 21 0.02438543999333028
stn1 2021 9 23 0 22 0.02438543999333028
stn1 2021 9 23 0 23 0.02438543999333028
stn1 2021 9 23 0 24 0.02438543999333028
stn1 2021 9 23 0 25 0.02446435727486209
stn1 2021 9 23 0 26 0.024543274556393904
stn1 2021 9 23 0 27 0.024622191837925717
stn1 2021 9 23 0 28 0.024701109119457526
stn1 2021 9 23 0 29 0.02478002640098934
stn1 2021 9 23 0 30 0.024858943682521152
stn1 2021 9 23 0 31 0.024858943682521152
stn1 2021 9 23 0 32 0.024858943682521152
stn1 2021 9 23 0 33 0.024858943682521152
stn1 2021 9 23 0 34 0.024858943682521152
stn1 2021 9 23 0 35 0.024858943682521152
stn1 2021 9 23 0 36 0.024858943682521152
stn1 2021 9 23 0 37 0.024937860964052965
stn1 2021 9 23 0 38 0.02501677824558478
stn1 2021 9 23 0 39 0.0250956955271166
stn1 2021 9 23 0 40 0.025174612808648418
stn1 2021 9 23 0 41 0.025253530090180235
stn1 2021 9 23 0 42 0.02533244737171205
stn1 2021 9 23 0 43 0.025332447371712048
stn1 2021 9 23 0 44 0.025332447371712034
stn1 2021 9 23 0 45 0.02533244737171203
stn1 2021 9 23 0 46 0.025332447371712027
stn1 2021 9 23 0 47 0.025332447371712016
stn1 2021 9 23 0 48 0.02533244737171201
stn1 2021 9 23 0 49 0.02541136465324383
stn1 2021 9 23 0 50 0.02549028193477565
stn1 2021 9 23 0 51 0.02556919921630747
stn1 2021 9 23 0 52 0.02564811649783929
stn1 2021 9 23 0 53 0.02572703377937111
stn1 2021 9 23 0 54 0.02580595106090293
stn1 2021 9 23 0 55 0.02580595106090293
stn1 2021 9 23 0 56 0.02580595106090293
stn1 2021 9 23 0 57 0.02580595106090293
stn1 2021 9 23 0 58 0.02580595106090293
stn1 2021 9 23 0 59 0.02580595106090293
stn1 2021 9 23 1 0 0.02580595106090293
stn1 2021 9 23 1 1 0.025884868342434742
stn1 2021 9 23 1 2 0.02596378562396655
stn1 2021 9 23 1 3 0.02604270290549836
stn1 2021 9 23 1 4 0.026121620187030174
stn1 2021 9 23 1 5 0.026200537468561977
stn1 2021 9 23 1 6 0.02627945475009379
stn1 2021 9 23 1 7 0.02627945475009379
stn1 2021 9 23 1 8 0.02627945475009379
stn1 2021 9 23 1 9 0.02627945475009379
stn1 2021 9 23 1 10 0.02627945475009379
stn1 2021 9 23 1 11 0.02627945475009379
stn1 2021 9 23 1 12 0.02627945475009379
stn1 2021 9 23 1 13 0.0263583720316256
stn1 2021 9 23 1 14 0.02643728931315741
stn1 2021 9 23 1 15 0.026516206594689222
stn1 2021 9 23 1 16 0.02659512387622103
stn1 2021 9 23 1 17 0.026674041157752838
stn1 2021 9 23 1 18 0.02675295843928465
stn1 2021 9 23 1 19 0.026752958439284658
stn1 2021 9 23 1 20 0.026752958439284664
stn1 2021 9 23 1 21 0.026752958439284668
stn1 2021 9 23 1 22 0.02675295843928468
stn1 2021 9 23 1 23 0.026752958439284685
stn1 2021 9 23 1 24 0.026752958439284696
stn1 2021 9 23 1 25 0.026831875720816495
stn1 2021 9 23 1 26 0.026910793002348297
stn1 2021 9 23 1 27 0.0269897102838801
stn1 2021 9 23 1 28 0.0270686275654119
stn1 2021 9 23 1 29 0.02714754484694371
stn1 2021 9 23 1 30 0.027226462128475508
stn1 2021 9 23 1 31 0.027226462128475525
stn1 2021 9 23 1 32 0.027226462128475536
stn1 2021 9 23 1 33 0.02722646212847555
stn1 2021 9 23 1 34 0.02722646212847557
stn1 2021 9 23 1 35 0.027226462128475577
stn1 2021 9 23 1 36 0.027226462128475595
stn1 2021 9 23 1 37 0.027305379410007404
stn1 2021 9 23 1 38 0.027384296691539207
stn1 2021 9 23 1 39 0.02746321397307102
stn1 2021 9 23 1 40 0.027542131254602836
stn1 2021 9 23 1 41 0.02762104853613464
stn1 2021 9 23 1 42 0.027699965817666452
stn1 2021 9 23 1 43 0.027699965817666438
stn1 2021 9 23 1 44 0.027699965817666428
stn1 2021 9 23 1 45 0.027699965817666414
stn1 2021 9 23 1 46 0.0276999658176664
stn1 2021 9 23 1 47 0.027699965817666386
stn1 2021 9 23 1 48 0.02769996581766637
stn1 2021 9 23 1 49 0.027778883099198196
stn1 2021 9 23 1 50 0.02785780038073002
stn1 2021 9 23 1 51 0.02793671766226184
stn1 2021 9 23 1 52 0.028015634943793666
stn1 2021 9 23 1 53 0.02809455222532549
stn1 2021 9 23 1 54 0.028173469506857313
stn1 2021 9 23 1 55 0.028173469506857313
stn1 2021 9 23 1 56 0.028173469506857313
stn1 2021 9 23 1 57 0.028173469506857313
stn1 2021 9 23 1 58 0.028173469506857313
stn1 2021 9 23 1 59 0.028173469506857313
stn1 2021 9 23 2 0 0.028173469506857313
stn1 2021 9 23 2 1 0.028252386788389133
stn1 2021 9 23 2 2 0.028331304069920963
stn1 2021 9 23 2 3 0.028410221351452783
stn1 2021 9 23 2 4 0.028489138632984606
stn1 2021 9 23 2 5 0.028568055914516433
stn1 2021 9 23 2 6 0.028646973196048253
stn1 2021 9 23 2 7 0.028646973196048243
stn1 2021 9 23 2 8 0.02864697319604823
stn1 2021 9 23 2 9 0.02864697319604821
stn1 2021 9 23 2 10 0.028646973196048198
stn1 2021 9 23 2 11 0.028646973196048184
stn1 2021 9 23 2 12 0.028646973196048173
stn1 2021 9 23 2 13 0.02872589047757998
stn1 2021 9 23 2 14 0.02880480775911179
stn1 2021 9 23 2 15 0.028883725040643602
stn1 2021 9 23 2 16 0.02896264232217541
stn1 2021 9 23 2 17 0.02904155960370722
stn1 2021 9 23 2 18 0.029120476885239034
stn1 2021 9 23 2 19 0.029120476885239048
stn1 2021 9 23 2 20 0.029120476885239055
stn1 2021 9 23 2 21 0.029120476885239072
stn1 2021 9 23 2 22 0.029120476885239086
stn1 2021 9 23 2 23 0.029120476885239097
stn1 2021 9 23 2 24 0.02912047688523911
stn1 2021 9 23 2 25 0.029199394166770913
stn1 2021 9 23 2 26 0.02927831144830271
stn1 2021 9 23 2 27 0.029357228729834504
stn1 2021 9 23 2 28 0.0294361460113663
stn1 2021 9 23 2 29 0.029515063292898096
stn1 2021 9 23 2 30 0.02959398057442989
stn1 2021 9 23 2 31 0.029593980574429905
stn1 2021 9 23 2 32 0.029593980574429916
stn1 2021 9 23 2 33 0.029593980574429933
stn1 2021 9 23 2 34 0.029593980574429947
stn1 2021 9 23 2 35 0.02959398057442996
stn1 2021 9 23 2 36 0.029593980574429975
stn1 2021 9 23 2 37 0.029672897855961784
stn1 2021 9 23 2 38 0.02975181513749359
stn1 2021 9 23 2 39 0.029830732419025403
stn1 2021 9 23 2 40 0.029909649700557216
stn1 2021 9 23 2 41 0.02998856698208902
stn1 2021 9 23 2 42 0.030067484263620832
stn1 2021 9 23 2 43 0.030067484263620815
stn1 2021 9 23 2 44 0.03006748426362081
stn1 2021 9 23 2 45 0.030067484263620794
stn1 2021 9 23 2 46 0.03006748426362078
stn1 2021 9 23 2 47 0.03006748426362077
stn1 2021 9 23 2 48 0.03006748426362075
stn1 2021 9 23 2 49 0.030146401545152607
stn1 2021 9 23 2 50 0.03022531882668445
stn1 2021 9 23 2 51 0.030304236108216306
stn1 2021 9 23 2 52 0.030383153389748153
stn1 2021 9 23 2 53 0.030462070671280005
stn1 2021 9 23 2 54 0.03054098795281186
stn1 2021 9 23 2 55 0.03054098795281183
stn1 2021 9 23 2 56 0.0305409879528118
stn1 2021 9 23 2 57 0.030540987952811776
stn1 2021 9 23 2 58 0.03054098795281175
stn1 2021 9 23 2 59 0.03054098795281172
stn1 2021 9 23 3 0 0.030540987952811693
stn1 2021 9 23 3 1 0.030619905234343506
stn1 2021 9 23 3 2 0.030698822515875312
stn1 2021 9 23 3 3 0.030777739797407125
stn1 2021 9 23 3 4 0.030856657078938938
stn1 2021 9 23 3 5 0.03093557436047074
stn1 2021 9 23 3 6 0.031014491642002553
stn1 2021 9 23 3 7 0.031014491642002553
stn1 2021 9 23 3 8 0.031014491642002553
stn1 2021 9 23 3 9 0.031014491642002553
stn1 2021 9 23 3 10 0.031014491642002553
stn1 2021 9 23 3 11 0.031014491642002553
stn1 2021 9 23 3 12 0.031014491642002553
stn1 2021 9 23 3 13 0.031093408923534363
stn1 2021 9 23 3 14 0.031172326205066173
stn1 2021 9 23 3 15 0.03125124348659798
stn1 2021 9 23 3 16 0.03133016076812979
stn1 2021 9 23 3 17 0.0314090780496616
stn1 2021 9 23 3 18 0.03148799533119342
stn1 2021 9 23 3 19 0.03148799533119344
stn1 2021 9 23 3 20 0.031487995331193466
stn1 2021 9 23 3 21 0.031487995331193494
stn1 2021 9 23 3 22 0.03148799533119352
stn1 2021 9 23 3 23 0.031487995331193556
stn1 2021 9 23 3 24 0.03148799533119358
stn1 2021 9 23 3 25 0.03156691261272536
stn1 2021 9 23 3 26 0.03164582989425715
stn1 2021 9 23 3 27 0.03172474717578893
stn1 2021 9 23 3 28 0.031803664457320704
stn1 2021 9 23 3 29 0.03188258173885249
stn1 2021 9 23 3 30 0.03196149902038427
stn1 2021 9 23 3 31 0.03196149902038427
stn1 2021 9 23 3 32 0.03196149902038427
stn1 2021 9 23 3 33 0.03196149902038427
stn1 2021 9 23 3 34 0.03196149902038427
stn1 2021 9 23 3 35 0.03196149902038427
stn1 2021 9 23 3 36 0.03196149902038427
stn1 2021 9 23 3 37 0.03204041630191611
stn1 2021 9 23 3 38 0.03211933358344795
stn1 2021 9 23 3 39 0.03219825086497979
stn1 2021 9 23 3 40 0.032277168146511624
stn1 2021 9 23 3 41 0.03235608542804346
stn1 2021 9 23 3 42 0.0324350027095753
stn1 2021 9 23 3 43 0.0324350027095753
stn1 2021 9 23 3 44 0.0324350027095753
stn1 2021 9 23 3 45 0.0324350027095753
stn1 2021 9 23 3 46 0.0324350027095753
stn1 2021 9 23 3 47 0.0324350027095753
stn1 2021 9 23 3 48 0.0324350027095753
stn1 2021 9 23 3 49 0.03251391999110708
stn1 2021 9 23 3 50 0.03259283727263887
stn1 2021 9 23 3 51 0.032671754554170644
stn1 2021 9 23 3 52 0.032750671835702426
stn1 2021 9 23 3 53 0.03282958911723421
stn1 2021 9 23 3 54 0.032908506398765996
stn1 2021 9 23 3 55 0.03290850639876602
stn1 2021 9 23 3 56 0.03290850639876605
stn1 2021 9 23 3 57 0.03290850639876607
stn1 2021 9 23 3 58 0.0329085063987661
stn1 2021 9 23 3 59 0.032908506398766135
stn1 2021 9 23 4 0 0.032908506398766156
stn1 2021 9 23 4 1 0.032987423680297966
stn1 2021 9 23 4 2 0.033066340961829775
stn1 2021 9 23 4 3 0.03314525824336159
stn1 2021 9 23 4 4 0.0332241755248934
stn1 2021 9 23 4 5 0.033303092806425204
stn1 2021 9 23 4 6 0.03338201008795702
stn1 2021 9 23 4 7 0.03346092736948883
stn1 2021 9 23 4 8 0.03353984465102064
stn1 2021 9 23 4 9 0.03361876193255244
stn1 2021 9 23 4 10 0.03369767921408426
stn1 2021 9 23 4 11 0.03377659649561607
stn1 2021 9 23 4 12 0.03385551377714788
stn1 2021 9 23 4 13 0.03393443105867969
stn1 2021 9 23 4 14 0.0340133483402115
stn1 2021 9 23 4 15 0.034092265621743306
stn1 2021 9 23 4 16 0.034171182903275116
stn1 2021 9 23 4 17 0.034250100184806925
stn1 2021 9 23 4 18 0.03432901746633874
stn1 2021 9 23 4 19 0.03440793474787055
stn1 2021 9 23 4 20 0.034486852029402354
stn1 2021 9 23 4 21 0.034565769310934163
stn1 2021 9 23 4 22 0.03464468659246597
stn1 2021 9 23 4 23 0.03472360387399779
stn1 2021 9 23 4 24 0.0348025211555296
stn1 2021 9 23 4 25 0.03488143843706141
stn1 2021 9 23 4 26 0.03496035571859321
stn1 2021 9 23 4 27 0.03503927300012503
stn1 2021 9 23 4 28 0.03511819028165684
stn1 2021 9 23 4 29 0.03519710756318865
stn1 2021 9 23 4 30 0.03527602484472045
stn1 2021 9 23 4 31 0.035354942126252266
stn1 2021 9 23 4 32 0.03543385940778408
stn1 2021 9 23 4 33 0.035512776689315885
stn1 2021 9 23 4 34 0.0355916939708477
stn1 2021 9 23 4 35 0.035670611252379504
stn1 2021 9 23 4 36 0.035749528533911314
stn1 2021 9 23 4 37 0.03582844581544315
stn1 2021 9 23 4 38 0.035907363096974995
stn1 2021 9 23 4 39 0.035986280378506826
stn1 2021 9 23 4 40 0.03606519766003867
stn1 2021 9 23 4 41 0.03614411494157051
stn1 2021 9 23 4 42 0.03622303222310234
stn1 2021 9 23 4 43 0.03630194950463412
stn1 2021 9 23 4 44 0.03638086678616591
stn1 2021 9 23 4 45 0.03645978406769769
stn1 2021 9 23 4 46 0.03653870134922947
stn1 2021 9 23 4 47 0.03661761863076125
stn1 2021 9 23 4 48 0.03669653591229304
stn1 2021 9 23 4 49 0.03677545319382487
stn1 2021 9 23 4 50 0.03685437047535671
stn1 2021 9 23 4 51 0.036933287756888554
stn1 2021 9 23 4 52 0.037012205038420384
stn1 2021 9 23 4 53 0.03709112231995222
stn1 2021 9 23 4 54 0.03717003960148406
stn1 2021 9 23 4 55 0.037248956883015875
stn1 2021 9 23 4 56 0.03732787416454768
stn1 2021 9 23 4 57 0.03740679144607949
stn1 2021 9 23 4 58 0.0374857087276113
stn1 2021 9 23 4 59 0.037564626009143114
stn1 2021 9 23 5 0 0.03764354329067492
stn1 2021 9 23 5 1 0.03772246057220673
stn1 2021 9 23 5 2 0.037801377853738535
stn1 2021 9 23 5 3 0.03788029513527035
stn1 2021 9 23 5 4 0.03795921241680216
stn1 2021 9 23 5 5 0.038038129698333964
stn1 2021 9 23 5 6 0.03811704697986578
stn1 2021 9 23 5 7 0.03819596426139756
stn1 2021 9 23 5 8 0.03827488154292935
stn1 2021 9 23 5 9 0.03835379882446113
stn1 2021 9 23 5 10 0.03843271610599291
stn1 2021 9 23 5 11 0.038511633387524696
stn1 2021 9 23 5 12 0.03859055066905648
stn1 2021 9 23 5 13 0.038669467950588364
stn1 2021 9 23 5 14 0.03874838523212026
stn1 2021 9 23 5 15 0.03882730251365215
stn1 2021 9 23 5 16 0.03890621979518405
stn1 2021 9 23 5 17 0.038985137076715935
stn1 2021 9 23 5 18 0.039064054358247835
stn1 2021 9 23 5 19 0.03914297163977956
stn1 2021 9 23 5 20 0.03922188892131129
stn1 2021 9 23 5 21 0.039300806202843014
stn1 2021 9 23 5 22 0.03937972348437474
stn1 2021 9 23 5 23 0.039458640765906466
stn1 2021 9 23 5 24 0.03953755804743819
stn1 2021 9 23 5 25 0.03961647532897004
stn1 2021 9 23 5 26 0.03969539261050187
stn1 2021 9 23 5 27 0.039774309892033705
stn1 2021 9 23 5 28 0.03985322717356555
stn1 2021 9 23 5 29 0.039932144455097386
stn1 2021 9 23 5 30 0.040011061736629217
stn1 2021 9 23 5 31 0.040089979018161054
stn1 2021 9 23 5 32 0.04016889629969289
stn1 2021 9 23 5 33 0.04024781358122473
stn1 2021 9 23 5 34 0.04032673086275657
stn1 2021 9 23 5 35 0.0404056481442884
stn1 2021 9 23 5 36 0.04048456542582024
stn1 2021 9 23 5 37 0.04056348270735208
stn1 2021 9 23 5 38 0.04064239998888392
stn1 2021 9 23 5 39 0.04072131727041576
stn1 2021 9 23 5 40 0.040800234551947596
stn1 2021 9 23 5 41 0.04087915183347943
stn1 2021 9 23 5 42 0.040958069115011264
stn1 2021 9 23 5 43 0.041036986396543004
stn1 2021 9 23 5 44 0.04111590367807473
stn1 2021 9 23 5 45 0.04119482095960646
stn1 2021 9 23 5 46 0.04127373824113818
stn1 2021 9 23 5 47 0.04135265552266991
stn1 2021 9 23 5 48 0.041431572804201636
stn1 2021 9 23 5 49 0.04151049008573353
stn1 2021 9 23 5 50 0.041589407367265414
stn1 2021 9 23 5 51 0.041668324648797314
stn1 2021 9 23 5 52 0.0417472419303292
stn1 2021 9 23 5 53 0.041826159211861086
stn1 2021 9 23 5 54 0.04190507649339299
stn1 2021 9 23 5 55 0.04198399377492477
stn1 2021 9 23 5 56 0.042062911056456556
stn1 2021 9 23 5 57 0.04214182833798834
stn1 2021 9 23 5 58 0.04222074561952012
stn1 2021 9 23 5 59 0.04229966290105191
stn1 2021 9 23 6 0 0.04237858018258368
stn1 2021 9 23 6 1 0.04245749746411547
stn1 2021 9 23 6 2 0.04253641474564725
stn1 2021 9 23 6 3 0.04261533202717903
stn1 2021 9 23 6 4 0.04269424930871081
stn1 2021 9 23 6 5 0.042773166590242606
stn1 2021 9 23 6 6 0.04285208387177438
stn1 2021 9 23 6 7 0.042931001153306274
stn1 2021 9 23 6 8 0.04300991843483816
stn1 2021 9 23 6 9 0.04308883571637005
stn1 2021 9 23 6 10 0.043167752997901945
stn1 2021 9 23 6 11 0.04324667027943384
stn1 2021 9 23 6 12 0.04332558756096574
stn1 2021 9 23 6 13 0.043404504842497464
stn1 2021 9 23 6 14 0.04348342212402919
stn1 2021 9 23 6 15 0.04356233940556092
stn1 2021 9 23 6 16 0.04364125668709264
stn1 2021 9 23 6 17 0.04372017396862437
stn1 2021 9 23 6 18 0.043799091250156096
stn1 2021 9 23 6 19 0.04387800853168794
stn1 2021 9 23 6 20 0.04395692581321977
stn1 2021 9 23 6 21 0.044035843094751614
stn1 2021 9 23 6 22 0.04411476037628345
stn1 2021 9 23 6 23 0.04419367765781528
stn1 2021 9 23 6 24 0.044272594939347126
stn1 2021 9 23 6 25 0.04435151222087896
stn1 2021 9 23 6 26 0.0444304295024108
stn1 2021 9 23 6 27 0.04450934678394264
stn1 2021 9 23 6 28 0.044588264065474476
stn1 2021 9 23 6 29 0.044667181347006306
stn1 2021 9 23 6 30 0.04474609862853815
stn1 2021 9 23 6 31 0.04482501591006999
stn1 2021 9 23 6 32 0.044903933191601825
stn1 2021 9 23 6 33 0.04498285047313366
stn1 2021 9 23 6 34 0.04506176775466549
stn1 2021 9 23 6 35 0.04514068503619733
stn1 2021 9 23 6 36 0.045219602317729174
stn1 2021 9 23 6 37 0.045298519599260956
stn1 2021 9 23 6 38 0.04537743688079274
stn1 2021 9 23 6 39 0.04545635416232451
stn1 2021 9 23 6 40 0.0455352714438563
stn1 2021 9 23 6 41 0.04561418872538809
stn1 2021 9 23 6 42 0.045693106006919865
stn1 2021 9 23 6 43 0.045772023288451646
stn1 2021 9 23 6 44 0.04585094056998343
stn1 2021 9 23 6 45 0.04592985785151522
stn1 2021 9 23 6 46 0.046008775133047
stn1 2021 9 23 6 47 0.04608769241457879
stn1 2021 9 23 6 48 0.04616660969611056
stn1 2021 9 23 6 49 0.0462455269776424
stn1 2021 9 23 6 50 0.04632444425917423
stn1 2021 9 23 6 51 0.04640336154070608
stn1 2021 9 23 6 52 0.04648227882223791
stn1 2021 9 23 6 53 0.04656119610376975
stn1 2021 9 23 6 54 0.046640113385301586
stn1 2021 9 23 6 55 0.04671903066683343
stn1 2021 9 23 6 56 0.046797947948365254
stn1 2021 9 23 6 57 0.0468768652298971
stn1 2021 9 23 6 58 0.046955782511428935
stn1 2021 9 23 6 59 0.047034699792960766
stn1 2021 9 23 7 0 0.04711361707449262
stn1 2021 9 23 7 1 0.0471925343560244
stn1 2021 9 23 7 2 0.04727145163755617
stn1 2021 9 23 7 3 0.04735036891908796
stn1 2021 9 23 7 4 0.047429286200619744
stn1 2021 9 23 7 5 0.047508203482151526
stn1 2021 9 23 7 6 0.0475871207636833
stn1 2021 9 23 7 7 0.047666038045215145
stn1 2021 9 23 7 8 0.04774495532674698
stn1 2021 9 23 7 9 0.04782387260827882
stn1 2021 9 23 7 10 0.04790278988981066
stn1 2021 9 23 7 11 0.047981707171342494
stn1 2021 9 23 7 12 0.048060624452874325
stn1 2021 9 23 7 13 0.04813954173440611
stn1 2021 9 23 7 14 0.048218459015937895
stn1 2021 9 23 7 15 0.04829737629746968
stn1 2021 9 23 7 16 0.048376293579001466
stn1 2021 9 23 7 17 0.048455210860533234
stn1 2021 9 23 7 18 0.04853412814206503
stn1 2021 9 23 7 19 0.04861304542359686
stn1 2021 9 23 7 20 0.0486919627051287
stn1 2021 9 23 7 21 0.04877087998666054
stn1 2021 9 23 7 22 0.04884979726819237
stn1 2021 9 23 7 23 0.048928714549724216
stn1 2021 9 23 7 24 0.049007631831256046
stn1 2021 9 23 7 25 0.04908654911278784
stn1 2021 9 23 7 26 0.04916546639431961
stn1 2021 9 23 7 27 0.0492443836758514
stn1 2021 9 23 7 28 0.04932330095738318
stn1 2021 9 23 7 29 0.04940221823891497
stn1 2021 9 23 7 30 0.049481135520446744
stn1 2021 9 23 7 31 0.04956005280197858
stn1 2021 9 23 7 32 0.049638970083510425
stn1 2021 9 23 7 33 0.04971788736504225
stn1 2021 9 23 7 34 0.0497968046465741
stn1 2021 9 23 7 35 0.04987572192810593
stn1 2021 9 23 7 36 0.04995463920963777
stn1 2021 9 23 7 37 0.050033556491169556
stn1 2021 9 23 7 38 0.050112473772701324
stn1 2021 9 23 7 39 0.05019139105423311
stn1 2021 9 23 7 40 0.05027030833576491
stn1 2021 9 23 7 41 0.050349225617296677
stn1 2021 9 23 7 42 0.050428142898828465
stn1 2021 9 23 7 43 0.05050706018036036
stn1 2021 9 23 7 44 0.05058597746189225
stn1 2021 9 23 7 45 0.05066489474342414
stn1 2021 9 23 7 46 0.05074381202495603
stn1 2021 9 23 7 47 0.05082272930648793
stn1 2021 9 23 7 48 0.05090164658801982
stn1 2021 9 23 7 49 0.050980563869551535
stn1 2021 9 23 7 50 0.051059481151083275
stn1 2021 9 23 7 51 0.051138398432615
stn1 2021 9 23 7 52 0.05121731571414673
stn1 2021 9 23 7 53 0.05129623299567846
stn1 2021 9 23 7 54 0.05137515027721018
stn1 2021 9 23 7 55 0.051454067558742024
stn1 2021 9 23 7 56 0.051532984840273854
stn1 2021 9 23 7 57 0.05161190212180569
stn1 2021 9 23 7 58 0.051690819403337536
stn1 2021 9 23 7 59 0.05176973668486937
stn1 2021 9 23 8 0 0.051848653966401204
stn1 2021 9 23 8 1 0.05208540581099667
stn1 2021 9 23 8 2 0.05232215765559212
stn1 2021 9 23 8 3 0.05255890950018758
stn1 2021 9 23 8 4 0.05279566134478304
stn1 2021 9 23 8 5 0.05303241318937849
stn1 2021 9 23 8 6 0.05326916503397395
stn1 2021 9 23 8 7 0.053663751441633024
stn1 2021 9 23 8 8 0.054058337849292114
stn1 2021 9 23 8 9 0.05445292425695119
stn1 2021 9 23 8 10 0.054847510664610265
stn1 2021 9 23 8 11 0.05524209707226935
stn1 2021 9 23 8 12 0.05563668347992841
stn1 2021 9 23 8 13 0.05603126988758744
stn1 2021 9 23 8 14 0.05642585629524646
stn1 2021 9 23 8 15 0.05682044270290548
stn1 2021 9 23 8 16 0.0572150291105645
stn1 2021 9 23 8 17 0.05760961551822353
stn1 2021 9 23 8 18 0.05800420192588255
stn1 2021 9 23 8 19 0.058398788333541625
stn1 2021 9 23 8 20 0.05879337474120071
stn1 2021 9 23 8 21 0.05918796114885978
stn1 2021 9 23 8 22 0.05958254755651885
stn1 2021 9 23 8 23 0.05997713396417795
stn1 2021 9 23 8 24 0.060371720371837016
stn1 2021 9 23 8 25 0.060766306779496154
stn1 2021 9 23 8 26 0.06116089318715528
stn1 2021 9 23 8 27 0.061555479594814416
stn1 2021 9 23 8 28 0.06195006600247355
stn1 2021 9 23 8 29 0.06234465241013267
stn1 2021 9 23 8 30 0.06273923881779181
stn1 2021 9 23 8 31 0.06313382522545083
stn1 2021 9 23 8 32 0.06352841163310986
stn1 2021 9 23 8 33 0.06392299804076887
stn1 2021 9 23 8 34 0.06431758444842789
stn1 2021 9 23 8 35 0.06471217085608692
stn1 2021 9 23 8 36 0.06510675726374594
stn1 2021 9 23 8 37 0.06550134367140496
stn1 2021 9 23 8 38 0.065895930079064
stn1 2021 9 23 8 39 0.06629051648672302
stn1 2021 9 23 8 40 0.06668510289438204
stn1 2021 9 23 8 41 0.06707968930204106
stn1 2021 9 23 8 42 0.06747427570970008
stn1 2021 9 23 8 43 0.06786886211735921
stn1 2021 9 23 8 44 0.06826344852501834
stn1 2021 9 23 8 45 0.06865803493267748
stn1 2021 9 23 8 46 0.06905262134033661
stn1 2021 9 23 8 47 0.06944720774799573
stn1 2021 9 23 8 48 0.06984179415565488
stn1 2021 9 23 8 49 0.0702363805633139
stn1 2021 9 23 8 50 0.0706309669709729
stn1 2021 9 23 8 51 0.07102555337863194
stn1 2021 9 23 8 52 0.07142013978629096
stn1 2021 9 23 8 53 0.07181472619394999
stn1 2021 9 23 8 54 0.07220931260160901
stn1 2021 9 23 8 55 0.07260389900926803
stn1 2021 9 23 8 56 0.07299848541692704
stn1 2021 9 23 8 57 0.07339307182458608
stn1 2021 9 23 8 58 0.0737876582322451
stn1 2021 9 23 8 59 0.07418224463990411
stn1 2021 9 23 9 0 0.07457683104756313
stn1 2021 9 23 9 1 0.07477412425139277
stn1 2021 9 23 9 2 0.07497141745522237
stn1 2021 9 23 9 3 0.075168710659052
stn1 2021 9 23 9 4 0.07536600386288161
stn1 2021 9 23 9 5 0.07556329706671125
stn1 2021 9 23 9 6 0.07576059027054087
stn1 2021 9 23 9 7 0.07576059027054087
stn1 2021 9 23 9 8 0.07576059027054087
stn1 2021 9 23 9 9 0.07576059027054087
stn1 2021 9 23 9 10 0.07576059027054087
stn1 2021 9 23 9 11 0.07576059027054087
stn1 2021 9 23 9 12 0.07576059027054087
stn1 2021 9 23 9 13 0.07576059027054075
stn1 2021 9 23 9 14 0.07576059027054065
stn1 2021 9 23 9 15 0.07576059027054052
stn1 2021 9 23 9 16 0.07576059027054043
stn1 2021 9 23 9 17 0.07576059027054032
stn1 2021 9 23 9 18 0.0757605902705402
stn1 2021 9 23 9 19 0.07576059027054032
stn1 2021 9 23 9 20 0.07576059027054043
stn1 2021 9 23 9 21 0.07576059027054052
stn1 2021 9 23 9 22 0.07576059027054065
stn1 2021 9 23 9 23 0.07576059027054075
stn1 2021 9 23 9 24 0.07576059027054087
stn1 2021 9 23 9 25 0.07576059027054087
stn1 2021 9 23 9 26 0.07576059027054087
stn1 2021 9 23 9 27 0.07576059027054087
stn1 2021 9 23 9 28 0.07576059027054087
stn1 2021 9 23 9 29 0.07576059027054087
stn1 2021 9 23 9 30 0.07576059027054087
stn1 2021 9 23 9 31 0.07607625939666811
stn1 2021 9 23 9 32 0.07639192852279535
stn1 2021 9 23 9 33 0.07670759764892258
stn1 2021 9 23 9 34 0.07702326677504982
stn1 2021 9 23 9 35 0.07733893590117707
stn1 2021 9 23 9 36 0.0776546050273043
stn1 2021 9 23 9 37 0.07828594327955879
stn1 2021 9 23 9 38 0.07891728153181327
stn1 2021 9 23 9 39 0.07954861978406774
stn1 2021 9 23 9 40 0.08017995803632223
stn1 2021 9 23 9 41 0.0808112962885767
stn1 2021 9 23 9 42 0.08144263454083119
stn1 2021 9 23 9 43 0.08207397279308568
stn1 2021 9 23 9 44 0.08270531104534012
stn1 2021 9 23 9 45 0.08333664929759463
stn1 2021 9 23 9 46 0.0839679875498491
stn1 2021 9 23 9 47 0.08459932580210358
stn1 2021 9 23 9 48 0.08523066405435806
stn1 2021 9 23 9 49 0.08586200230661255
stn1 2021 9 23 9 50 0.08649334055886701
stn1 2021 9 23 9 51 0.0871246788111215
stn1 2021 9 23 9 52 0.08775601706337599
stn1 2021 9 23 9 53 0.08838735531563045
stn1 2021 9 23 9 54 0.08901869356788494
stn1 2021 9 23 9 55 0.08965003182013952
stn1 2021 9 23 9 56 0.09028137007239412
stn1 2021 9 23 9 57 0.0909127083246487
stn1 2021 9 23 9 58 0.09154404657690329
stn1 2021 9 23 9 59 0.0921753848291579
stn1 2021 9 23 10 0 0.09280672308141247
stn1 2021 9 23 10 1 0.09359589589673062
stn1 2021 9 23 10 2 0.0943850687120488
stn1 2021 9 23 10 3 0.09517424152736695
stn1 2021 9 23 10 4 0.0959634143426851
stn1 2021 9 23 10 5 0.09675258715800326
stn1 2021 9 23 10 6 0.0975417599733214
stn1 2021 9 23 10 7 0.09848876735170313
stn1 2021 9 23 10 8 0.09943577473008486
stn1 2021 9 23 10 9 0.10038278210846656
stn1 2021 9 23 10 10 0.10132978948684827
stn1 2021 9 23 10 11 0.10227679686523
stn1 2021 9 23 10 12 0.10322380424361172
stn1 2021 9 23 10 13 0.10417081162199344
stn1 2021 9 23 10 14 0.10511781900037516
stn1 2021 9 23 10 15 0.10606482637875689
stn1 2021 9 23 10 16 0.1070118337571386
stn1 2021 9 23 10 17 0.10795884113552033
stn1 2021 9 23 10 18 0.10890584851390203
stn1 2021 9 23 10 19 0.10985285589228387
stn1 2021 9 23 10 20 0.11079986327066571
stn1 2021 9 23 10 21 0.11174687064904752
stn1 2021 9 23 10 22 0.11269387802742935
stn1 2021 9 23 10 23 0.11364088540581119
stn1 2021 9 23 10 24 0.11458789278419301
stn1 2021 9 23 10 25 0.11553490016257464
stn1 2021 9 23 10 26 0.11648190754095622
stn1 2021 9 23 10 27 0.11742891491933785
stn1 2021 9 23 10 28 0.11837592229771947
stn1 2021 9 23 10 29 0.11932292967610106
stn1 2021 9 23 10 30 0.12026993705448269
stn1 2021 9 23 10 31 0.12153261355899185
stn1 2021 9 23 10 32 0.12279529006350104
stn1 2021 9 23 10 33 0.12405796656801021
stn1 2021 9 23 10 34 0.1253206430725194
stn1 2021 9 23 10 35 0.1265833195770286
stn1 2021 9 23 10 36 0.12784599608153774
stn1 2021 9 23 10 37 0.12942434171217396
stn1 2021 9 23 10 38 0.13100268734281015
stn1 2021 9 23 10 39 0.13258103297344637
stn1 2021 9 23 10 40 0.13415937860408256
stn1 2021 9 23 10 41 0.13573772423471875
stn1 2021 9 23 10 42 0.13731606986535497
stn1 2021 9 23 10 43 0.13889441549599127
stn1 2021 9 23 10 44 0.14047276112662757
stn1 2021 9 23 10 45 0.14205110675726387
stn1 2021 9 23 10 46 0.1436294523879002
stn1 2021 9 23 10 47 0.14520779801853648
stn1 2021 9 23 10 48 0.1467861436491728
stn1 2021 9 23 10 49 0.148364489279809
stn1 2021 9 23 10 50 0.1499428349104452
stn1 2021 9 23 10 51 0.1515211805410814
stn1 2021 9 23 10 52 0.1530995261717176
stn1 2021 9 23 10 53 0.15467787180235382
stn1 2021 9 23 10 54 0.15625621743299
stn1 2021 9 23 10 55 0.1578345630636262
stn1 2021 9 23 10 56 0.1594129086942624
stn1 2021 9 23 10 57 0.16099125432489864
stn1 2021 9 23 10 58 0.16256959995553477
stn1 2021 9 23 10 59 0.16414794558617102
stn1 2021 9 23 11 0 0.1657262912168072
stn1 2021 9 23 11 1 0.168409478788889
stn1 2021 9 23 11 2 0.1710926663609708
stn1 2021 9 23 11 3 0.17377585393305264
stn1 2021 9 23 11 4 0.17645904150513447
stn1 2021 9 23 11 5 0.17914222907721628
stn1 2021 9 23 11 6 0.18182541664929805
stn1 2021 9 23 11 7 0.18561344616282494
stn1 2021 9 23 11 8 0.18940147567635185
stn1 2021 9 23 11 9 0.1931895051898787
stn1 2021 9 23 11 10 0.1969775347034056
stn1 2021 9 23 11 11 0.20076556421693245
stn1 2021 9 23 11 12 0.20455359373045937
stn1 2021 9 23 11 13 0.20834162324398642
stn1 2021 9 23 11 14 0.21212965275751355
stn1 2021 9 23 11 15 0.21591768227104066
stn1 2021 9 23 11 16 0.21970571178456774
stn1 2021 9 23 11 17 0.22349374129809485
stn1 2021 9 23 11 18 0.22728177081162193
stn1 2021 9 23 11 19 0.23106980032514904
stn1 2021 9 23 11 20 0.23485782983867612
stn1 2021 9 23 11 21 0.23864585935220323
stn1 2021 9 23 11 22 0.2424338888657303
stn1 2021 9 23 11 23 0.24622191837925744
stn1 2021 9 23 11 24 0.2500099478927845
stn1 2021 9 23 11 25 0.25379797740631144
stn1 2021 9 23 11 26 0.2575860069198383
stn1 2021 9 23 11 27 0.26137403643336515
stn1 2021 9 23 11 28 0.26516206594689207
stn1 2021 9 23 11 29 0.2689500954604189
stn1 2021 9 23 11 30 0.27273812497394584
stn1 2021 9 23 11 31 0.32135117039754296
stn1 2021 9 23 11 32 0.36996421582114014
stn1 2021 9 23 11 33 0.4185772612447372
stn1 2021 9 23 11 34 0.46719030666833444
stn1 2021 9 23 11 35 0.5158033520919315
stn1 2021 9 23 11 36 0.5644163975155286
stn1 2021 9 23 11 37 0.6578544588491954
stn1 2021 9 23 11 38 0.7512925201828622
stn1 2021 9 23 11 39 0.8447305815165289
stn1 2021 9 23 11 40 0.9381686428501956
stn1 2021 9 23 11 41 1.0316067041838624
stn1 2021 9 23 11 42 1.125044765517529
stn1 2021 9 23 11 43 1.239119695971765
stn1 2021 9 23 11 44 1.3531946264260009
stn1 2021 9 23 11 45 1.467269556880237
stn1 2021 9 23 11 46 1.5813444873344729
stn1 2021 9 23 11 47 1.6954194177887085
stn1 2021 9 23 11 48 1.8094943482429449
stn1 2021 9 23 11 49 2.0487715458474023
stn1 2021 9 23 11 50 2.2880487434518604
stn1 2021 9 23 11 51 2.5273259410563176
stn1 2021 9 23 11 52 2.766603138660776
stn1 2021 9 23 11 53 3.0058803362652338
stn1 2021 9 23 11 54 3.245157533869691
stn1 2021 9 23 11 55 3.0797074531382442
stn1 2021 9 23 11 56 2.9142573724067984
stn1 2021 9 23 11 57 2.748807291675352
stn1 2021 9 23 11 58 2.5833572109439054
stn1 2021 9 23 11 59 2.417907130212459
stn1 2021 9 23 12 0 2.2524570494810123
stn1 2021 9 23 12 1 1.9518611241263355
stn1 2021 9 23 12 2 1.6512651987716591
stn1 2021 9 23 12 3 1.3506692734169825
stn1 2021 9 23 12 4 1.0500733480623061
stn1 2021 9 23 12 5 0.7494774227076296
stn1 2021 9 23 12 6 0.4488814973529529
stn1 2021 9 23 12 7 0.4398849272583264
stn1 2021 9 23 12 8 0.4308883571636999
stn1 2021 9 23 12 9 0.4218917870690734
stn1 2021 9 23 12 10 0.41289521697444687
stn1 2021 9 23 12 11 0.40389864687982036
stn1 2021 9 23 12 12 0.39490207678519396
stn1 2021 9 23 12 13 0.385905506690567
stn1 2021 9 23 12 14 0.37690893659593994
stn1 2021 9 23 12 15 0.3679123665013131
stn1 2021 9 23 12 16 0.3589157964066861
stn1 2021 9 23 12 17 0.34991922631205924
stn1 2021 9 23 12 18 0.34092265621743223
stn1 2021 9 23 12 19 0.3319260861228058
stn1 2021 9 23 12 20 0.3229295160281792
stn1 2021 9 23 12 21 0.31393294593355275
stn1 2021 9 23 12 22 0.30493637583892624
stn1 2021 9 23 12 23 0.29593980574429973
stn1 2021 9 23 12 24 0.2869432356496732
stn1 2021 9 23 12 25 0.2779466655550463
stn1 2021 9 23 12 26 0.26895009546041937
stn1 2021 9 23 12 27 0.2599535253657924
stn1 2021 9 23 12 28 0.25095695527116546
stn1 2021 9 23 12 29 0.24196038517653853
stn1 2021 9 23 12 30 0.23296381508191158
stn1 2021 9 23 12 31 0.22743960537468483
stn1 2021 9 23 12 32 0.22191539566745813
stn1 2021 9 23 12 33 0.21639118596023132
stn1 2021 9 23 12 34 0.21086697625300455
stn1 2021 9 23 12 35 0.20534276654577785
stn1 2021 9 23 12 36 0.19981855683855107
stn1 2021 9 23 12 37 0.19776670751872408
stn1 2021 9 23 12 38 0.19571485819889706
stn1 2021 9 23 12 39 0.19366300887907004
stn1 2021 9 23 12 40 0.19161115955924307
stn1 2021 9 23 12 41 0.18955931023941605
stn1 2021 9 23 12 42 0.18750746091958903
stn1 2021 9 23 12 43 0.18545561159976162
stn1 2021 9 23 12 44 0.18340376227993418
stn1 2021 9 23 12 45 0.18135191296010672
stn1 2021 9 23 12 46 0.17930006364027928
stn1 2021 9 23 12 47 0.17724821432045182
stn1 2021 9 23 12 48 0.17519636500062438
stn1 2021 9 23 12 49 0.17314451568079736
stn1 2021 9 23 12 50 0.17109266636097042
stn1 2021 9 23 12 51 0.16904081704114338
stn1 2021 9 23 12 52 0.16698896772131638
stn1 2021 9 23 12 53 0.1649371184014894
stn1 2021 9 23 12 54 0.16288526908166237
stn1 2021 9 23 12 55 0.16083341976183538
stn1 2021 9 23 12 56 0.15878157044200839
stn1 2021 9 23 12 57 0.15672972112218134
stn1 2021 9 23 12 58 0.15467787180235432
stn1 2021 9 23 12 59 0.15262602248252732
stn1 2021 9 23 13 0 0.15057417316270033
stn1 2021 9 23 13 1 0.1489958275320638
stn1 2021 9 23 13 2 0.14741748190142728
stn1 2021 9 23 13 3 0.14583913627079076
stn1 2021 9 23 13 4 0.14426079064015424
stn1 2021 9 23 13 5 0.14268244500951768
stn1 2021 9 23 13 6 0.14110409937888116
stn1 2021 9 23 13 7 0.13999925743743602
stn1 2021 9 23 13 8 0.13889441549599083
stn1 2021 9 23 13 9 0.13778957355454563
stn1 2021 9 23 13 10 0.13668473161310046
stn1 2021 9 23 13 11 0.1355798896716553
stn1 2021 9 23 13 12 0.13447504773021013
stn1 2021 9 23 13 13 0.1333702057887645
stn1 2021 9 23 13 14 0.1322653638473189
stn1 2021 9 23 13 15 0.1311605219058733
stn1 2021 9 23 13 16 0.13005567996442766
stn1 2021 9 23 13 17 0.12895083802298205
stn1 2021 9 23 13 18 0.12784599608153643
stn1 2021 9 23 13 19 0.12674115414009127
stn1 2021 9 23 13 20 0.12563631219864607
stn1 2021 9 23 13 21 0.1245314702572009
stn1 2021 9 23 13 22 0.12342662831575575
stn1 2021 9 23 13 23 0.12232178637431056
stn1 2021 9 23 13 24 0.12121694443286538
stn1 2021 9 23 13 25 0.12011210249142021
stn1 2021 9 23 13 26 0.11900726054997501
stn1 2021 9 23 13 27 0.11790241860852986
stn1 2021 9 23 13 28 0.11679757666708468
stn1 2021 9 23 13 29 0.1156927347256395
stn1 2021 9 23 13 30 0.11458789278419435
stn1 2021 9 23 13 31 0.11364088540581206
stn1 2021 9 23 13 32 0.1126938780274298
stn1 2021 9 23 13 33 0.11174687064904752
stn1 2021 9 23 13 34 0.11079986327066525
stn1 2021 9 23 13 35 0.10985285589228301
stn1 2021 9 23 13 36 0.10890584851390073
stn1 2021 9 23 13 37 0.10811667569858312
stn1 2021 9 23 13 38 0.10732750288326554
stn1 2021 9 23 13 39 0.1065383300679479
stn1 2021 9 23 13 40 0.10574915725263029
stn1 2021 9 23 13 41 0.10495998443731269
stn1 2021 9 23 13 42 0.1041708116219951
stn1 2021 9 23 13 43 0.10338163880667661
stn1 2021 9 23 13 44 0.10259246599135811
stn1 2021 9 23 13 45 0.10180329317603964
stn1 2021 9 23 13 46 0.10101412036072116
stn1 2021 9 23 13 47 0.10022494754540265
stn1 2021 9 23 13 48 0.09943577473008419
stn1 2021 9 23 13 49 0.09864660191476615
stn1 2021 9 23 13 50 0.09785742909944808
stn1 2021 9 23 13 51 0.09706825628413006
stn1 2021 9 23 13 52 0.096279083468812
stn1 2021 9 23 13 53 0.09548991065349396
stn1 2021 9 23 13 54 0.09470073783817592
stn1 2021 9 23 13 55 0.09391156502285744
stn1 2021 9 23 13 56 0.09312239220753894
stn1 2021 9 23 13 57 0.09233321939222047
stn1 2021 9 23 13 58 0.09154404657690199
stn1 2021 9 23 13 59 0.09075487376158349
stn1 2021 9 23 14 0 0.08996570094626502
stn1 2021 9 23 14 1 0.08945273861630881
stn1 2021 9 23 14 2 0.0889397762863526
stn1 2021 9 23 14 3 0.0884268139563964
stn1 2021 9 23 14 4 0.0879138516264402
stn1 2021 9 23 14 5 0.087400889296484
stn1 2021 9 23 14 6 0.08688792696652779
stn1 2021 9 23 14 7 0.08657225784040024
stn1 2021 9 23 14 8 0.08625658871427266
stn1 2021 9 23 14 9 0.08594091958814509
stn1 2021 9 23 14 10 0.08562525046201752
stn1 2021 9 23 14 11 0.08530958133588995
stn1 2021 9 23 14 12 0.08499391220976239
stn1 2021 9 23 14 13 0.08475716036516716
stn1 2021 9 23 14 14 0.0845204085205719
stn1 2021 9 23 14 15 0.08428365667597668
stn1 2021 9 23 14 16 0.08404690483138144
stn1 2021 9 23 14 17 0.08381015298678618
stn1 2021 9 23 14 18 0.08357340114219096
stn1 2021 9 23 14 19 0.08325773201606339
stn1 2021 9 23 14 20 0.0829420628899358
stn1 2021 9 23 14 21 0.08262639376380826
stn1 2021 9 23 14 22 0.08231072463768069
stn1 2021 9 23 14 23 0.08199505551155312
stn1 2021 9 23 14 24 0.08167938638542555
stn1 2021 9 23 14 25 0.08144263454083031
stn1 2021 9 23 14 26 0.08120588269623505
stn1 2021 9 23 14 27 0.08096913085163984
stn1 2021 9 23 14 28 0.0807323790070446
stn1 2021 9 23 14 29 0.08049562716244935
stn1 2021 9 23 14 30 0.08025887531785411
stn1 2021 9 23 14 31 0.07994320619172698
stn1 2021 9 23 14 32 0.07962753706559986
stn1 2021 9 23 14 33 0.07931186793947273
stn1 2021 9 23 14 34 0.07899619881334559
stn1 2021 9 23 14 35 0.07868052968721846
stn1 2021 9 23 14 36 0.07836486056109133
stn1 2021 9 23 14 37 0.07812810871649567
stn1 2021 9 23 14 38 0.07789135687189998
stn1 2021 9 23 14 39 0.0776546050273043
stn1 2021 9 23 14 40 0.07741785318270863
stn1 2021 9 23 14 41 0.07718110133811296
stn1 2021 9 23 14 42 0.07694434949351728
stn1 2021 9 23 14 43 0.07662868036739015
stn1 2021 9 23 14 44 0.07631301124126302
stn1 2021 9 23 14 45 0.07599734211513588
stn1 2021 9 23 14 46 0.07568167298900874
stn1 2021 9 23 14 47 0.07536600386288161
stn1 2021 9 23 14 48 0.0750503347367545
stn1 2021 9 23 14 49 0.07481358289215881
stn1 2021 9 23 14 50 0.07457683104756313
stn1 2021 9 23 14 51 0.07434007920296747
stn1 2021 9 23 14 52 0.07410332735837179
stn1 2021 9 23 14 53 0.07386657551377612
stn1 2021 9 23 14 54 0.07362982366918043
stn1 2021 9 23 14 55 0.07331415454305373
stn1 2021 9 23 14 56 0.07299848541692704
stn1 2021 9 23 14 57 0.07268281629080035
stn1 2021 9 23 14 58 0.07236714716467366
stn1 2021 9 23 14 59 0.07205147803854697
stn1 2021 9 23 15 0 0.07173580891242028
stn1 2021 9 23 15 1 0.07149905706782417
stn1 2021 9 23 15 2 0.07126230522322805
stn1 2021 9 23 15 3 0.07102555337863194
stn1 2021 9 23 15 4 0.07078880153403583
stn1 2021 9 23 15 5 0.0705520496894397
stn1 2021 9 23 15 6 0.07031529784484358
stn1 2021 9 23 15 7 0.0699996287187169
stn1 2021 9 23 15 8 0.0696839595925902
stn1 2021 9 23 15 9 0.0693682904664635
stn1 2021 9 23 15 10 0.06905262134033682
stn1 2021 9 23 15 11 0.06873695221421014
stn1 2021 9 23 15 12 0.06842128308808344
stn1 2021 9 23 15 13 0.06818453124348776
stn1 2021 9 23 15 14 0.06794777939889209
stn1 2021 9 23 15 15 0.06771102755429642
stn1 2021 9 23 15 16 0.06747427570970074
stn1 2021 9 23 15 17 0.06723752386510506
stn1 2021 9 23 15 18 0.06700077202050939
stn1 2021 9 23 15 19 0.06668510289438224
stn1 2021 9 23 15 20 0.06636943376825513
stn1 2021 9 23 15 21 0.06605376464212799
stn1 2021 9 23 15 22 0.06573809551600086
stn1 2021 9 23 15 23 0.06542242638987374
stn1 2021 9 23 15 24 0.06510675726374661
stn1 2021 9 23 15 25 0.06487000541915092
stn1 2021 9 23 15 26 0.06463325357455525
stn1 2021 9 23 15 27 0.06439650172995957
stn1 2021 9 23 15 28 0.0641597498853639
stn1 2021 9 23 15 29 0.06392299804076822
stn1 2021 9 23 15 30 0.06368624619617254
stn1 2021 9 23 15 31 0.06337057707004541
stn1 2021 9 23 15 32 0.06305490794391828
stn1 2021 9 23 15 33 0.06273923881779114
stn1 2021 9 23 15 34 0.062423569691664016
stn1 2021 9 23 15 35 0.062107900565536896
stn1 2021 9 23 15 36 0.06179223143940976
stn1 2021 9 23 15 37 0.06155547959481408
stn1 2021 9 23 15 38 0.06131872775021841
stn1 2021 9 23 15 39 0.061081975905622726
stn1 2021 9 23 15 40 0.060845224061027055
stn1 2021 9 23 15 41 0.06060847221643138
stn1 2021 9 23 15 42 0.0603717203718357
stn1 2021 9 23 15 43 0.06005605124570901
stn1 2021 9 23 15 44 0.05974038211958231
stn1 2021 9 23 15 45 0.05942471299345563
stn1 2021 9 23 15 46 0.05910904386732893
stn1 2021 9 23 15 47 0.05879337474120224
stn1 2021 9 23 15 48 0.058477705615075544
stn1 2021 9 23 15 49 0.05824095377047943
stn1 2021 9 23 15 50 0.05800420192588332
stn1 2021 9 23 15 51 0.057767450081287204
stn1 2021 9 23 15 52 0.05753069823669108
stn1 2021 9 23 15 53 0.05729394639209498
stn1 2021 9 23 15 54 0.05705719454749886
stn1 2021 9 23 15 55 0.056741525421372174
stn1 2021 9 23 15 56 0.05642585629524548
stn1 2021 9 23 15 57 0.05611018716911879
stn1 2021 9 23 15 58 0.05579451804299209
stn1 2021 9 23 15 59 0.0554788489168654
stn1 2021 9 23 16 0 0.0551631797907387
stn1 2021 9 23 16 1 0.05500534522767492
stn1 2021 9 23 16 2 0.054847510664611146
stn1 2021 9 23 16 3 0.05468967610154736
stn1 2021 9 23 16 4 0.05453184153848357
stn1 2021 9 23 16 5 0.05437400697541979
stn1 2021 9 23 16 6 0.054216172412356003
stn1 2021 9 23 16 7 0.05409779649005794
stn1 2021 9 23 16 8 0.05397942056775989
stn1 2021 9 23 16 9 0.05386104464546183
stn1 2021 9 23 16 10 0.05374266872316377
stn1 2021 9 23 16 11 0.05362429280086571
stn1 2021 9 23 16 12 0.05350591687856766
stn1 2021 9 23 16 13 0.0534269995970362
stn1 2021 9 23 16 14 0.05334808231550476
stn1 2021 9 23 16 15 0.053269165033973304
stn1 2021 9 23 16 16 0.05319024775244184
stn1 2021 9 23 16 17 0.05311133047091039
stn1 2021 9 23 16 18 0.05303241318937894
stn1 2021 9 23 16 19 0.05291403726708131
stn1 2021 9 23 16 20 0.052795661344783695
stn1 2021 9 23 16 21 0.05267728542248608
stn1 2021 9 23 16 22 0.05255890950018846
stn1 2021 9 23 16 23 0.052440533577890844
stn1 2021 9 23 16 24 0.05232215765559322
stn1 2021 9 23 16 25 0.052243240374061334
stn1 2021 9 23 16 26 0.05216432309252943
stn1 2021 9 23 16 27 0.05208540581099755
stn1 2021 9 23 16 28 0.052006488529465655
stn1 2021 9 23 16 29 0.051927571247933756
stn1 2021 9 23 16 30 0.05184865396640187
stn1 2021 9 23 16 31 0.051730278044103815
stn1 2021 9 23 16 32 0.05161190212180575
stn1 2021 9 23 16 33 0.0514935261995077
stn1 2021 9 23 16 34 0.05137515027720964
stn1 2021 9 23 16 35 0.05125677435491158
stn1 2021 9 23 16 36 0.05113839843261352
stn1 2021 9 23 16 37 0.05105948115108207
stn1 2021 9 23 16 38 0.05098056386955062
stn1 2021 9 23 16 39 0.05090164658801916
stn1 2021 9 23 16 40 0.05082272930648771
stn1 2021 9 23 16 41 0.05074381202495626
stn1 2021 9 23 16 42 0.050664894743424796
stn1 2021 9 23 16 43 0.05054651882112674
stn1 2021 9 23 16 44 0.05042814289882868
stn1 2021 9 23 16 45 0.05030976697653063
stn1 2021 9 23 16 46 0.050191391054232565
stn1 2021 9 23 16 47 0.05007301513193451
stn1 2021 9 23 16 48 0.049954639209636456
stn1 2021 9 23 16 49 0.049875721928105
stn1 2021 9 23 16 50 0.04979680464657355
stn1 2021 9 23 16 51 0.049717887365042096
stn1 2021 9 23 16 52 0.04963897008351064
stn1 2021 9 23 16 53 0.04956005280197919
stn1 2021 9 23 16 54 0.049481135520447736
stn1 2021 9 23 16 55 0.049362759598150105
stn1 2021 9 23 16 56 0.049244383675852495
stn1 2021 9 23 16 57 0.04912600775355487
stn1 2021 9 23 16 58 0.04900763183125725
stn1 2021 9 23 16 59 0.048889255908959636
stn1 2021 9 23 17 0 0.04877087998666201
stn1 2021 9 23 17 1 0.04869196270512969
stn1 2021 9 23 17 2 0.04861304542359736
stn1 2021 9 23 17 3 0.04853412814206503
stn1 2021 9 23 17 4 0.048455210860532685
stn1 2021 9 23 17 5 0.04837629357900036
stn1 2021 9 23 17 6 0.04829737629746804
stn1 2021 9 23 17 7 0.04817900037517086
stn1 2021 9 23 17 8 0.04806062445287368
stn1 2021 9 23 17 9 0.04794224853057649
stn1 2021 9 23 17 10 0.04782387260827931
stn1 2021 9 23 17 11 0.04770549668598213
stn1 2021 9 23 17 12 0.047587120763684945
stn1 2021 9 23 17 13 0.047508203482152615
stn1 2021 9 23 17 14 0.04742928620062029
stn1 2021 9 23 17 15 0.04735036891908796
stn1 2021 9 23 17 16 0.047271451637555625
stn1 2021 9 23 17 17 0.0471925343560233
stn1 2021 9 23 17 18 0.047113617074490965
stn1 2021 9 23 17 19 0.04699524115219334
stn1 2021 9 23 17 20 0.046876865229895724
stn1 2021 9 23 17 21 0.046758489307598114
stn1 2021 9 23 17 22 0.04664011338530048
stn1 2021 9 23 17 23 0.04652173746300287
stn1 2021 9 23 17 24 0.046403361540705255
stn1 2021 9 23 17 25 0.0463244442591738
stn1 2021 9 23 17 26 0.04624552697764235
stn1 2021 9 23 17 27 0.04616660969611089
stn1 2021 9 23 17 28 0.04608769241457943
stn1 2021 9 23 17 29 0.04600877513304798
stn1 2021 9 23 17 30 0.04592985785151653
stn1 2021 9 23 17 31 0.04581148192921847
stn1 2021 9 23 17 32 0.04569310600692042
stn1 2021 9 23 17 33 0.045574730084622365
stn1 2021 9 23 17 34 0.0454563541623243
stn1 2021 9 23 17 35 0.04533797824002625
stn1 2021 9 23 17 36 0.04521960231772819
stn1 2021 9 23 17 37 0.04514068503619673
stn1 2021 9 23 17 38 0.04506176775466528
stn1 2021 9 23 17 39 0.04498285047313383
stn1 2021 9 23 17 40 0.044903933191602366
stn1 2021 9 23 17 41 0.04482501591007091
stn1 2021 9 23 17 42 0.044746098628539455
stn1 2021 9 23 17 43 0.04462772270624141
stn1 2021 9 23 17 44 0.044509346783943346
stn1 2021 9 23 17 45 0.04439097086164529
stn1 2021 9 23 17 46 0.04427259493934723
stn1 2021 9 23 17 47 0.044154219017049176
stn1 2021 9 23 17 48 0.044035843094751115
stn1 2021 9 23 17 49 0.04395692581321922
stn1 2021 9 23 17 50 0.043878008531687336
stn1 2021 9 23 17 51 0.04379909125015544
stn1 2021 9 23 17 52 0.043720173968623544
stn1 2021 9 23 17 53 0.04364125668709165
stn1 2021 9 23 17 54 0.04356233940555977
stn1 2021 9 23 17 55 0.043443963483262585
stn1 2021 9 23 17 56 0.043325587560965405
stn1 2021 9 23 17 57 0.04320721163866822
stn1 2021 9 23 17 58 0.04308883571637104
stn1 2021 9 23 17 59 0.042970459794073865
stn1 2021 9 23 18 0 0.04285208387177668
stn1 2021 9 23 18 1 0.04277316659024435
stn1 2021 9 23 18 2 0.04269424930871202
stn1 2021 9 23 18 3 0.04261533202717969
stn1 2021 9 23 18 4 0.04253641474564736
stn1 2021 9 23 18 5 0.04245749746411503
stn1 2021 9 23 18 6 0.0423785801825827
stn1 2021 9 23 18 7 0.04226020426028508
stn1 2021 9 23 18 8 0.04214182833798746
stn1 2021 9 23 18 9 0.04202345241568984
stn1 2021 9 23 18 10 0.04190507649339223
stn1 2021 9 23 18 11 0.0417867005710946
stn1 2021 9 23 18 12 0.04166832464879699
stn1 2021 9 23 18 13 0.04158940736726509
stn1 2021 9 23 18 14 0.041510490085733195
stn1 2021 9 23 18 15 0.041431572804201316
stn1 2021 9 23 18 16 0.04135265552266941
stn1 2021 9 23 18 17 0.041273738241137524
stn1 2021 9 23 18 18 0.04119482095960563
stn1 2021 9 23 18 19 0.04107644503730845
stn1 2021 9 23 18 20 0.040958069115011264
stn1 2021 9 23 18 21 0.040839693192714084
stn1 2021 9 23 18 22 0.040721317270416904
stn1 2021 9 23 18 23 0.040602941348119724
stn1 2021 9 23 18 24 0.040484565425822544
stn1 2021 9 23 18 25 0.040405648144290214
stn1 2021 9 23 18 26 0.040326730862757884
stn1 2021 9 23 18 27 0.04024781358122555
stn1 2021 9 23 18 28 0.040168896299693224
stn1 2021 9 23 18 29 0.04008997901816089
stn1 2021 9 23 18 30 0.040011061736628564
stn1 2021 9 23 18 31 0.03989268581433094
stn1 2021 9 23 18 32 0.039774309892033316
stn1 2021 9 23 18 33 0.03965593396973571
stn1 2021 9 23 18 34 0.03953755804743809
stn1 2021 9 23 18 35 0.039419182125140464
stn1 2021 9 23 18 36 0.03930080620284285
stn1 2021 9 23 18 37 0.039221888921310955
stn1 2021 9 23 18 38 0.03914297163977906
stn1 2021 9 23 18 39 0.039064054358247176
stn1 2021 9 23 18 40 0.038985137076715276
stn1 2021 9 23 18 41 0.03890621979518339
stn1 2021 9 23 18 42 0.0388273025136515
stn1 2021 9 23 18 43 0.03870892659135387
stn1 2021 9 23 18 44 0.038590550669056256
stn1 2021 9 23 18 45 0.03847217474675864
stn1 2021 9 23 18 46 0.03835379882446102
stn1 2021 9 23 18 47 0.0382354229021634
stn1 2021 9 23 18 48 0.03811704697986578
stn1 2021 9 23 18 49 0.038038129698333895
stn1 2021 9 23 18 50 0.037959212416802
stn1 2021 9 23 18 51 0.0378802951352701
stn1 2021 9 23 18 52 0.03780137785373821
stn1 2021 9 23 18 53 0.037722460572206316
stn1 2021 9 23 18 54 0.037643543290674424
stn1 2021 9 23 18 55 0.03752516736837681
stn1 2021 9 23 18 56 0.03740679144607919
stn1 2021 9 23 18 57 0.037288415523781565
stn1 2021 9 23 18 58 0.037170039601483955
stn1 2021 9 23 18 59 0.03705166367918633
stn1 2021 9 23 19 0 0.036933287756888714
stn1 2021 9 23 19 1 0.03685437047535682
stn1 2021 9 23 19 2 0.03677545319382493
stn1 2021 9 23 19 3 0.03669653591229304
stn1 2021 9 23 19 4 0.03661761863076114
stn1 2021 9 23 19 5 0.03653870134922925
stn1 2021 9 23 19 6 0.03645978406769736
stn1 2021 9 23 19 7 0.036341408145399746
stn1 2021 9 23 19 8 0.03622303222310212
stn1 2021 9 23 19 9 0.036104656300804505
stn1 2021 9 23 19 10 0.03598628037850689
stn1 2021 9 23 19 11 0.03586790445620926
stn1 2021 9 23 19 12 0.03574952853391165
stn1 2021 9 23 19 13 0.035670611252379754
stn1 2021 9 23 19 14 0.03559169397084786
stn1 2021 9 23 19 15 0.03551277668931597
stn1 2021 9 23 19 16 0.03543385940778408
stn1 2021 9 23 19 17 0.03535494212625219
stn1 2021 9 23 19 18 0.03527602484472029
stn1 2021 9 23 19 19 0.03515764892242268
stn1 2021 9 23 19 20 0.03503927300012505
stn1 2021 9 23 19 21 0.03492089707782744
stn1 2021 9 23 19 22 0.034802521155529814
stn1 2021 9 23 19 23 0.0346841452332322
stn1 2021 9 23 19 24 0.03456576931093458
stn1 2021 9 23 19 25 0.03448685202940268
stn1 2021 9 23 19 26 0.034407934747870794
stn1 2021 9 23 19 27 0.0343290174663389
stn1 2021 9 23 19 28 0.03425010018480701
stn1 2021 9 23 19 29 0.034171182903275116
stn1 2021 9 23 19 30 0.03409226562174323
stn1 2021 9 23 19 31 0.033973889699445606
stn1 2021 9 23 19 32 0.03385551377714798
stn1 2021 9 23 19 33 0.03373713785485037
stn1 2021 9 23 19 34 0.03361876193255275
stn1 2021 9 23 19 35 0.03350038601025513
stn1 2021 9 23 19 36 0.03338201008795751
stn1 2021 9 23 19 37 0.03330309280642561
stn1 2021 9 23 19 38 0.03322417552489373
stn1 2021 9 23 19 39 0.033145258243361835
stn1 2021 9 23 19 40 0.03306634096182994
stn1 2021 9 23 19 41 0.03298742368029805
stn1 2021 9 23 19 42 0.032908506398766156
stn1 2021 9 23 19 43 0.03279013047646854
stn1 2021 9 23 19 44 0.032671754554170915
stn1 2021 9 23 19 45 0.032553378631873305
stn1 2021 9 23 19 46 0.03243500270957568
stn1 2021 9 23 19 47 0.032316626787278056
stn1 2021 9 23 19 48 0.032198250864980446
stn1 2021 9 23 19 49 0.032119333583448546
stn1 2021 9 23 19 50 0.03204041630191666
stn1 2021 9 23 19 51 0.03196149902038477
stn1 2021 9 23 19 52 0.03188258173885287
stn1 2021 9 23 19 53 0.03180366445732098
stn1 2021 9 23 19 54 0.03172474717578909
stn1 2021 9 23 19 55 0.03160637125349103
stn1 2021 9 23 19 56 0.03148799533119298
stn1 2021 9 23 19 57 0.03136961940889492
stn1 2021 9 23 19 58 0.03125124348659686
stn1 2021 9 23 19 59 0.031132867564298804
stn1 2021 9 23 20 0 0.031014491642000746
stn1 2021 9 23 20 1 0.03097503300123546
stn1 2021 9 23 20 2 0.030935574360470168
stn1 2021 9 23 20 3 0.03089611571970488
stn1 2021 9 23 20 4 0.030856657078939594
stn1 2021 9 23 20 5 0.0308171984381743
stn1 2021 9 23 20 6 0.030777739797409012
stn1 2021 9 23 20 7 0.030738281156642847
stn1 2021 9 23 20 8 0.030698822515876686
stn1 2021 9 23 20 9 0.030659363875110514
stn1 2021 9 23 20 10 0.030619905234344352
stn1 2021 9 23 20 11 0.03058044659357819
stn1 2021 9 23 20 12 0.030540987952812022
stn1 2021 9 23 20 13 0.030540987952811585
stn1 2021 9 23 20 14 0.03054098795281114
stn1 2021 9 23 20 15 0.03054098795281071
stn1 2021 9 23 20 16 0.03054098795281027
stn1 2021 9 23 20 17 0.030540987952809833
stn1 2021 9 23 20 18 0.030540987952809396
stn1 2021 9 23 20 19 0.03050152931204411
stn1 2021 9 23 20 20 0.030462070671278815
stn1 2021 9 23 20 21 0.030422612030513527
stn1 2021 9 23 20 22 0.03038315338974824
stn1 2021 9 23 20 23 0.030343694748982946
stn1 2021 9 23 20 24 0.03030423610821766
stn1 2021 9 23 20 25 0.03030423610821722
stn1 2021 9 23 20 26 0.030304236108216785
stn1 2021 9 23 20 27 0.030304236108216344
stn1 2021 9 23 20 28 0.030304236108215914
stn1 2021 9 23 20 29 0.030304236108215466
stn1 2021 9 23 20 30 0.030304236108215032
stn1 2021 9 23 20 31 0.0302647774674493
stn1 2021 9 23 20 32 0.030225318826683577
stn1 2021 9 23 20 33 0.03018586018591785
stn1 2021 9 23 20 34 0.03014640154515212
stn1 2021 9 23 20 35 0.0301069429043864
stn1 2021 9 23 20 36 0.030067484263620672
stn1 2021 9 23 20 37 0.030067484263620672
stn1 2021 9 23 20 38 0.030067484263620672
stn1 2021 9 23 20 39 0.030067484263620672
stn1 2021 9 23 20 40 0.030067484263620672
stn1 2021 9 23 20 41 0.030067484263620672
stn1 2021 9 23 20 42 0.030067484263620672
stn1 2021 9 23 20 43 0.030028025622854945
stn1 2021 9 23 20 44 0.02998856698208922
stn1 2021 9 23 20 45 0.029949108341323492
stn1 2021 9 23 20 46 0.02990964970055776
stn1 2021 9 23 20 47 0.029870191059792033
stn1 2021 9 23 20 48 0.029830732419026305
stn1 2021 9 23 20 49 0.029830732419026305
stn1 2021 9 23 20 50 0.029830732419026305
stn1 2021 9 23 20 51 0.029830732419026305
stn1 2021 9 23 20 52 0.029830732419026305
stn1 2021 9 23 20 53 0.029830732419026305
stn1 2021 9 23 20 54 0.029830732419026305
stn1 2021 9 23 20 55 0.029791273778260144
stn1 2021 9 23 20 56 0.029751815137493975
stn1 2021 9 23 20 57 0.029712356496727814
stn1 2021 9 23 20 58 0.029672897855961645
stn1 2021 9 23 20 59 0.02963343921519548
stn1 2021 9 23 21 0 0.029593980574429316
stn1 2021 9 23 21 1 0.029593980574429316
stn1 2021 9 23 21 2 0.029593980574429316
stn1 2021 9 23 21 3 0.029593980574429316
stn1 2021 9 23 21 4 0.029593980574429316
stn1 2021 9 23 21 5 0.029593980574429316
stn1 2021 9 23 21 6 0.029593980574429316
stn1 2021 9 23 21 7 0.029554521933663588
stn1 2021 9 23 21 8 0.029515063292897863
stn1 2021 9 23 21 9 0.029475604652132135
stn1 2021 9 23 21 10 0.029436146011366408
stn1 2021 9 23 21 11 0.029396687370600687
stn1 2021 9 23 21 12 0.02935722872983496
stn1 2021 9 23 21 13 0.02935722872983496
stn1 2021 9 23 21 14 0.02935722872983496
stn1 2021 9 23 21 15 0.02935722872983496
stn1 2021 9 23 21 16 0.02935722872983496
stn1 2021 9 23 21 17 0.02935722872983496
stn1 2021 9 23 21 18 0.02935722872983496
stn1 2021 9 23 21 19 0.029317770089068787
stn1 2021 9 23 21 20 0.029278311448302625
stn1 2021 9 23 21 21 0.029238852807536464
stn1 2021 9 23 21 22 0.029199394166770296
stn1 2021 9 23 21 23 0.029159935526004127
stn1 2021 9 23 21 24 0.029120476885237962
stn1 2021 9 23 21 25 0.0291204768852384
stn1 2021 9 23 21 26 0.02912047688523884
stn1 2021 9 23 21 27 0.02912047688523928
stn1 2021 9 23 21 28 0.029120476885239714
stn1 2021 9 23 21 29 0.029120476885240158
stn1 2021 9 23 21 30 0.02912047688524059
stn1 2021 9 23 21 31 0.029081018244474427
stn1 2021 9 23 21 32 0.029041559603708265
stn1 2021 9 23 21 33 0.029002100962942097
stn1 2021 9 23 21 34 0.028962642322175932
stn1 2021 9 23 21 35 0.028923183681409767
stn1 2021 9 23 21 36 0.028883725040643602
stn1 2021 9 23 21 37 0.028883725040643602
stn1 2021 9 23 21 38 0.028883725040643602
stn1 2021 9 23 21 39 0.028883725040643602
stn1 2021 9 23 21 40 0.028883725040643602
stn1 2021 9 23 21 41 0.028883725040643602
stn1 2021 9 23 21 42 0.028883725040643602
stn1 2021 9 23 21 43 0.028844266399877437
stn1 2021 9 23 21 44 0.02880480775911127
stn1 2021 9 23 21 45 0.028765349118345107
stn1 2021 9 23 21 46 0.028725890477578946
stn1 2021 9 23 21 47 0.028686431836812777
stn1 2021 9 23 21 48 0.028646973196046612
stn1 2021 9 23 21 49 0.02864697319604705
stn1 2021 9 23 21 50 0.02864697319604749
stn1 2021 9 23 21 51 0.028646973196047927
stn1 2021 9 23 21 52 0.028646973196048364
stn1 2021 9 23 21 53 0.0286469731960488
stn1 2021 9 23 21 54 0.02864697319604924
stn1 2021 9 23 21 55 0.028607514555283074
stn1 2021 9 23 21 56 0.02856805591451691
stn1 2021 9 23 21 57 0.028528597273750747
stn1 2021 9 23 21 58 0.02848913863298458
stn1 2021 9 23 21 59 0.028449679992218414
stn1 2021 9 23 22 0 0.02841022135145225
stn1 2021 9 23 22 1 0.02841022135145225
stn1 2021 9 23 22 2 0.02841022135145225
stn1 2021 9 23 22 3 0.02841022135145225
stn1 2021 9 23 22 4 0.02841022135145225
stn1 2021 9 23 22 5 0.02841022135145225
stn1 2021 9 23 22 6 0.02841022135145225
stn1 2021 9 23 22 7 0.028370762710686517
stn1 2021 9 23 22 8 0.0283313040699208
stn1 2021 9 23 22 9 0.02829184542915507
stn1 2021 9 23 22 10 0.02825238678838934
stn1 2021 9 23 22 11 0.028212928147623616
stn1 2021 9 23 22 12 0.02817346950685789
stn1 2021 9 23 22 13 0.02817346950685789
stn1 2021 9 23 22 14 0.02817346950685789
stn1 2021 9 23 22 15 0.02817346950685789
stn1 2021 9 23 22 16 0.02817346950685789
stn1 2021 9 23 22 17 0.02817346950685789
stn1 2021 9 23 22 18 0.02817346950685789
stn1 2021 9 23 22 19 0.02813401086609172
stn1 2021 9 23 22 20 0.028094552225325555
stn1 2021 9 23 22 21 0.028055093584559394
stn1 2021 9 23 22 22 0.028015634943793225
stn1 2021 9 23 22 23 0.02797617630302706
stn1 2021 9 23 22 24 0.0279367176622609
stn1 2021 9 23 22 25 0.02793671766226133
stn1 2021 9 23 22 26 0.027936717662261773
stn1 2021 9 23 22 27 0.02793671766226221
stn1 2021 9 23 22 28 0.027936717662262647
stn1 2021 9 23 22 29 0.027936717662263088
stn1 2021 9 23 22 30 0.027936717662263525
stn1 2021 9 23 22 31 0.02789725902149736
stn1 2021 9 23 22 32 0.027857800380731195
stn1 2021 9 23 22 33 0.02781834173996503
stn1 2021 9 23 22 34 0.02777888309919886
stn1 2021 9 23 22 35 0.0277394244584327
stn1 2021 9 23 22 36 0.02769996581766654
stn1 2021 9 23 22 37 0.02769996581766654
stn1 2021 9 23 22 38 0.02769996581766654
stn1 2021 9 23 22 39 0.02769996581766654
stn1 2021 9 23 22 40 0.02769996581766654
stn1 2021 9 23 22 41 0.02769996581766654
stn1 2021 9 23 22 42 0.02769996581766654
stn1 2021 9 23 22 43 0.027660507176900367
stn1 2021 9 23 22 44 0.027621048536134205
stn1 2021 9 23 22 45 0.027581589895368037
stn1 2021 9 23 22 46 0.027542131254601875
stn1 2021 9 23 22 47 0.02750267261383571
stn1 2021 9 23 22 48 0.027463213973069542
stn1 2021 9 23 22 49 0.02746321397306998
stn1 2021 9 23 22 50 0.027463213973070423
stn1 2021 9 23 22 51 0.02746321397307086
stn1 2021 9 23 22 52 0.027463213973071294
stn1 2021 9 23 22 53 0.027463213973071735
stn1 2021 9 23 22 54 0.02746321397307217
stn1 2021 9 23 22 55 0.027423755332306007
stn1 2021 9 23 22 56 0.027384296691539845
stn1 2021 9 23 22 57 0.02734483805077368
stn1 2021 9 23 22 58 0.02730537941000751
stn1 2021 9 23 22 59 0.027265920769241343
stn1 2021 9 23 23 0 0.027226462128475182
stn1 2021 9 23 23 1 0.027226462128475182
stn1 2021 9 23 23 2 0.027226462128475182
stn1 2021 9 23 23 3 0.027226462128475182
stn1 2021 9 23 23 4 0.027226462128475182
stn1 2021 9 23 23 5 0.027226462128475182
stn1 2021 9 23 23 6 0.027226462128475182
stn1 2021 9 23 23 7 0.027187003487709454
stn1 2021 9 23 23 8 0.02714754484694373
stn1 2021 9 23 23 9 0.027108086206178002
stn1 2021 9 23 23 10 0.02706862756541227
stn1 2021 9 23 23 11 0.027029168924646546
stn1 2021 9 23 23 12 0.026989710283880818
stn1 2021 9 23 23 13 0.02698971028388038
stn1 2021 9 23 23 14 0.026989710283879944
stn1 2021 9 23 23 15 0.026989710283879503
stn1 2021 9 23 23 16 0.026989710283879073
stn1 2021 9 23 23 17 0.02698971028387863
stn1 2021 9 23 23 18 0.026989710283878192
stn1 2021 9 23 23 19 0.0269502516431129
stn1 2021 9 23 23 20 0.026910793002347614
stn1 2021 9 23 23 21 0.026871334361582327
stn1 2021 9 23 23 22 0.026831875720817036
stn1 2021 9 23 23 23 0.026792417080051745
stn1 2021 9 23 23 24 0.026752958439286455
stn1 2021 9 23 23 25 0.02675295843928602
stn1 2021 9 23 23 26 0.02675295843928558
stn1 2021 9 23 23 27 0.026752958439285147
stn1 2021 9 23 23 28 0.026752958439284706
stn1 2021 9 23 23 29 0.026752958439284266
stn1 2021 9 23 23 30 0.02675295843928383
stn1 2021 9 23 23 31 0.0267134997985181
stn1 2021 9 23 23 32 0.02667404115775238
stn1 2021 9 23 23 33 0.026634582516986652
stn1 2021 9 23 23 34 0.02659512387622092
stn1 2021 9 23 23 35 0.026555665235455196
stn1 2021 9 23 23 36 0.02651620659468947
stn1 2021 9 23 23 37 0.02651620659468947
stn1 2021 9 23 23 38 0.02651620659468947
stn1 2021 9 23 23 39 0.02651620659468947
stn1 2021 9 23 23 40 0.02651620659468947
stn1 2021 9 23 23 41 0.02651620659468947
stn1 2021 9 23 23 42 0.02651620659468947
stn1 2021 9 23 23 43 0.026476747953923303
stn1 2021 9 23 23 44 0.026437289313157135
stn1 2021 9 23 23 45 0.026397830672390973
stn1 2021 9 23 23 46 0.026358372031624812
stn1 2021 9 23 23 47 0.02631891339085864
stn1 2021 9 23 23 48 0.026279454750092475
stn1 2021 9 23 23 49 0.026279454750092912
stn1 2021 9 23 23 50 0.026279454750093353
stn1 2021 9 23 23 51 0.02627945475009379
stn1 2021 9 23 23 52 0.02627945475009423
stn1 2021 9 23 23 53 0.026279454750094668
stn1 2021 9 23 23 54 0.026279454750095105
stn1 2021 9 23 23 55 0.026239996109328936
stn1 2021 9 23 23 56 0.026200537468562775
stn1 2021 9 23 23 57 0.02616107882779661
stn1 2021 9 23 23 58 0.02612162018703044
stn1 2021 9 23 23 59 0.02608216154626428
stn1 2021 9 24 0 0 0.02604270290549812
